time,x,y,z,phi,theta,psi,x_velocity,y_velocity,z_velocity,phi_velocity,theta_velocity,psi_velocity,rotor_speed1,rotor_speed2,rotor_speed3,rotor_speed4
0.06,-7.752484590823166e-10,-7.942595436730516e-10,0.06996073014792763,6.283185061814301,2.392986777621786e-07,0.0,-7.75093671445945e-08,-7.944223369702409e-08,2.330383238522858,-1.2270885658579362e-05,1.1965073382776094e-05,0.0,899.9989727272322,899.9994568322965,900.0003150613584,899.9998185836453
0.12000000000000001,-3.909445627253606e-08,-3.581315826029199e-08,0.2790783928374753,6.283185228553172,1.3782144980822864e-06,0.0,-1.594068713275856e-06,-1.2076365546445232e-06,4.633915295951549,3.286677231183692e-05,3.301430078323254e-05,0.0,899.9982276141872,899.9990790480049,899.9991067752891,900.000933460382
0.18,-2.8362936233666835e-07,-7.80179339331676e-08,0.6248191578453077,3.8114514380183095e-06,3.4055856898973502e-06,0.0,-7.376860929813252e-06,1.0222940963755415e-06,6.880143753734923,0.00012870451805363763,3.534017658372091e-05,0.0,899.9989042477014,899.9989975951787,899.9971155510278,900.0009929450099
0.23999999999999996,-1.040637095432047e-06,4.242469812190044e-07,1.1029001614641707,1.3978647666057498e-05,5.434799035697324e-06,0.0,-1.864264412807931e-05,1.9265595137938774e-05,9.041437240019537,0.0002508401299223149,3.0779630847318785e-05,0.0,899.9990226338938,899.9988372478921,899.9962195069672,900.0011591952104
0.3,-2.620456008215183e-06,2.9205727675246705e-06,1.707499131289714,3.100986355697444e-05,7.551661331817172e-06,0.0,-3.4686235115678574e-05,6.988205026692976e-05,11.094276735213352,0.00034981001050689086,4.42838677650003e-05,0.0,899.9991559538104,899.9997017714469,899.9961153223899,900.0001149652577
0.36000000000000004,-5.3120725118462734e-06,9.768036743534419e-06,2.4315294508234464,5.4064264875641754e-05,9.997895493718545e-06,0.0,-5.581724867644153e-05,0.00016580499869039194,13.020132650187204,0.00045302289311769924,3.374184483094936e-05,0.0,899.998662036799,899.9982343197663,899.9967257611241,900.0008951072986
0.4200000000000001,-9.407531868428087e-06,2.3962863544154924e-05,3.26695414701697,8.319083930619087e-05,1.254017477414493e-05,0.0,-8.127018441452198e-05,0.0003158962551325982,14.805882933780081,0.0005502152137590812,5.962768062743499e-05,0.0,899.9974271876451,899.9984741715097,899.9975348553103,900.0014583826649
0.48000000000000015,-1.5176661529306787e-05,4.8940302310956686e-05,4.205111167096247,0.000118999975815548,1.7387046090888703e-05,0.0,-0.00011211352055924239,0.0005259304220270528,16.443778763930954,0.000689879703764749,0.0001230620544624099,0.0,899.9967468427667,899.9993132076532,899.9972119079497,900.0028526604011
0.5400000000000001,-2.3080754059216566e-05,8.846461717327914e-05,5.237025061578622,0.00016277028856581666,2.4112713503221528e-05,0.0,-0.00015308547722177795,0.0008016704262150083,17.9310398463056,0.0008086522120522914,9.014638124371848e-05,0.0,899.9992005957506,899.9978652528679,899.9977630982925,900.0025552222687
0.6000000000000002,-3.3730329789410696e-05,0.0001465984315986433,6.353685929509968,0.00021356940043215644,2.8366390261602703e-05,0.0,-0.00020271871891322605,0.0011463884781462248,19.269184985368373,0.0009225560908417176,3.2356393390016566e-05,0.0,899.9994879542829,899.9971463309962,899.9978903028677,900.00248285695
0.6600000000000003,-4.744747857866977e-05,0.00022748282710961503,7.546283635692623,0.00027099503053307217,3.043491121701436e-05,0.0,-0.00025444389635693136,0.0015598067210213793,20.463227126694907,0.0010260918960505337,3.871368861868349e-05,0.0,899.9990728090062,899.9993294220227,899.9992102802678,900.0033806980331
0.7200000000000003,-6.425598881385338e-05,0.00033517004022651405,8.806390814727896,0.0003328499807082608,3.2744820740227e-05,0.0,-0.0003057943516704591,0.0020391134048858162,21.520785933813592,0.0010405636863987336,3.8068019225356674e-05,0.0,899.9986947162467,899.9986676664902,900.0006874143689,900.0012497784968
0.7800000000000004,-8.413190760565873e-05,0.00047338580053013957,10.126095371915614,0.00039490956271936994,3.4506277697410326e-05,0.0,-0.00035658786771081044,0.0025756989254694094,22.45130089431407,0.0010218466809877888,1.1927927767208573e-05,0.0,900.0005421132498,899.9994828744273,900.0023573053104,900.001575618059
0.8400000000000004,-0.00010700101584076284,0.0006452091323100093,11.49808599793635,0.0004555312619984875,3.479988443810811e-05,0.0,-0.00040524986571453505,0.003157577328191765,23.265259570754807,0.0009873777042620922,-9.181828708541511e-06,0.0,899.9999232430207,899.9990682582777,900.0020323228198,900.0006132455238
0.9000000000000005,-0.0001326805605021356,0.0008530081436933534,12.915697316718763,0.0005129614276633276,3.351349237856738e-05,0.0,-0.00045004703107812735,0.003773221747452157,23.97362502737023,0.0008966736274001626,-4.597177731384679e-05,0.0,900.0000599391434,899.9985705439508,900.0023331077123,899.9986378073091
0.9600000000000005,-0.0001608862672219638,0.001098458222973129,14.372923215822325,0.0005654028011932155,2.9989250976747428e-05,0.0,-0.0004891542838796627,0.004410890716665608,24.58734869088273,0.0008286747964350991,-8.42855095890861e-05,0.0,900.0001258704432,899.9985756080729,900.001515594647,899.9987416046928
1.0200000000000005,-0.00019122021845080988,0.00138257865063841,15.864404933106789,0.0006137559631547163,2.4280765231310397e-05,0.0,-0.0005207557972300458,0.005061108918103478,25.11701426729813,0.000760261282391792,-0.00011686617752001986,0.0,899.9996970958975,899.998379841675,900.0011095540304,899.9983202537583
1.0800000000000005,-0.00022319347485462473,0.0017059164647135676,17.3854016130995,0.0006576526032286978,1.7380138237932385e-05,0.0,-0.0005437176151688519,0.005717284202073969,25.57260656451642,0.000674237340092013,-0.00011129855888763607,0.0,899.999197501849,899.9994256893182,900.0017238840446,899.998223004919
1.1400000000000006,-0.0002562959953851743,0.002068664477723364,18.931749273908103,0.0006970550314555624,1.0874657851545066e-05,0.0,-0.000558607152330805,0.006374094526015523,25.963353829216352,0.00062161722946207,-0.00010267643975882395,0.0,900.0003771252217,900.0007288698564,900.0005579675916,899.9984116081431
1.2000000000000006,-0.0002900848287798936,0.002470755575571691,20.499812756825282,0.0007337409483803015,4.833458477904173e-06,0.0,-0.0005667842573594479,0.007028478577034923,26.297648538588874,0.0005910498481603052,-9.67066348146418e-05,0.0,899.9999987235466,900.0002428707205,899.9994256806701,899.9981734811302
1.2600000000000007,-0.0003241919925761125,0.002912014952099842,22.086435363469853,0.0007683558113633637,6.283184722237518,0.0,-0.0005693747608302892,0.0076796892702555965,26.583046431144528,0.000548623213905951,-7.750740096716765e-05,0.0,900.000211273361,900.0009909874395,900.0007969529753,899.9990652171474
1.3200000000000007,-0.0003583190376642822,0.003392247147684298,23.688888027313123,0.0008003965012610692,6.283180726422351,0.0,-0.000567672367854131,0.008327538942098584,26.82625107609484,0.0005047665961902221,-4.4780725692793274e-05,0.0,899.9993925933685,900.0007196412367,900.0009017176533,899.9991130336269
1.3800000000000008,-0.00039225916546612046,0.003911246674988458,25.30482032529074,0.0008300627711390618,6.283179847780975,0.0,-0.0005634809029978788,0.00897194812949943,27.033187482162614,0.0004737684319032437,4.557287764957499e-05,0.0,899.9989497645912,900.0026095971201,900.0022809135913,900.0010139189998
1.4400000000000008,-0.0004259554186669875,0.004468817634396188,26.93221432605954,0.0008578887126544643,6.283184630489725,0.0,-0.0005601712016687837,0.009613362156743513,27.209023375203582,0.0004437489484957187,0.00014791544299284375,0.0,899.9984803327575,900.0026235496404,900.0017954096434,900.0005687507798
1.5000000000000009,-0.0004595875464848495,0.0050648029946124,28.569342120743507,0.0008838358173663963,9.037277585832726e-06,0.0,-0.0005619069650826083,0.010252538680970601,27.35826808035681,0.000409843504677801,0.00018985816120949855,0.0,900.0005212893786,900.0022162663096,900.0014490436295,900.0000657090308
1.560000000000001,-0.0004935414714103096,0.0056990889319609534,30.214727821599222,0.0009079662942239608,2.0037789427718167e-05,0.0,-0.0005710372492321708,0.01089014228559194,27.4848231393473,0.00038682952449423065,0.00017030359672230857,0.0,900.0015208160463,900.0007245067172,900.0021519742949,900.0012104649225
1.620000000000001,-0.0005282619489356923,0.006371603917066599,31.867112899198666,0.0009309541755326833,2.8966390574147738e-05,0.0,-0.0005872377341411228,0.01152698989428553,27.592042306246668,0.00037573259206317826,0.00010577993954211036,0.0,900.000691324389,899.9980744471312,900.0013301511204,900.0008717496047
1.680000000000001,-0.0005641107651985412,0.007082336026188169,33.52542604901405,0.0009525631018831859,3.309562443032377e-05,0.0,-0.0006081813321098667,0.012164199219818943,27.682821445798176,0.0003289569879045668,-5.215077457781119e-06,0.0,900.0019303754002,899.9974331438677,900.0010672498933,899.9991642914578
1.740000000000001,-0.0006012612014455671,0.00783132223061624,35.18875705457414,0.0009717582431552074,3.0241205180026043e-05,0.0,-0.0006299485810062662,0.01280210206428126,27.759642709648904,0.00030183351951633863,-0.0001324420325502044,0.0,900.0026831373897,899.9975311917301,900.0016347753675,900.0005287146662
1.8000000000000012,-0.000639622848047079,0.008618605709609223,36.856333208836716,0.0009890154240022042,2.1059255324473725e-05,0.0,-0.0006478995240879284,0.01344081584859347,27.824615525145607,0.0002591714163091439,-0.0001942531699232754,0.0,900.0007231056017,899.9982231580797,900.0022310820049,900.0004964083424
1.8600000000000012,-0.0006788624273001527,0.009444236059273818,38.52749899554776,0.0010039597108431053,9.072743134552752e-06,0.0,-0.0006589360524396832,0.014080291263058185,27.879543482195334,0.00022885999284928286,-0.00021082367376980548,0.0,900.0004583180274,899.9997918462637,900.0007180734655,899.9994845317289
1.9200000000000013,-0.0007185274948653732,0.010308255291995697,40.20169898829274,0.0010180195887343757,6.283182142330705,0.0,-0.0006620565439844516,0.014720490633262518,27.925965237622915,0.00024527375734454787,-0.00019023315731903453,0.0,900.0000344016212,900.0008731658089,899.9996006992086,900.0002600176961
1.9800000000000013,-0.0007581520403706361,0.01121073211456211,41.878462999517495,0.0010322750650644252,6.283171564807898,0.0,-0.0006577456873835214,0.015362416431094024,27.965188698333424,0.00022221893207469295,-0.00014841904745519814,0.0,899.9995253430577,900.0012230864965,900.0013658392321,900.0004264774839
2.0400000000000014,-0.0007973305026409452,0.012151795632295227,43.55739304978104,0.0010461206791223532,6.283164190669705,0.0,-0.0006474670817927396,0.016006761285313694,27.99831764392787,0.0002478406389641506,-7.190778273621012e-05,0.0,899.9986395830837,900.0017414285691,899.9999885106128,900.0010208653525
2.1000000000000014,-0.0008357728891823658,0.013131618281364662,45.238152556045016,0.001061958274827468,6.283160031580678,0.0,-0.0006335746235873391,0.01665466063319394,28.0262985280262,0.0002961851942634748,-6.413838942095025e-05,0.0,900.0008731999194,900.0011895165975,899.9999773528558,900.0019292850932
2.1600000000000015,-0.0008733098033785981,0.014150474875797707,46.92045695616,0.0010796389673526363,6.283156357884682,0.0,-0.0006173304798851372,0.017308201931874427,28.049922632874914,0.00029166349187069327,-5.540753240811872e-05,0.0,900.0007908177213,900.0011458871414,900.0007512352993,900.0005611949545
2.2200000000000015,-0.0009098097497809122,0.015208745803529761,48.60406551091996,0.001097414810133479,6.283153333364403,0.0,-0.0005990632555401468,0.017968543534735325,28.069862294246782,0.00030546532592178987,-4.0410891463312424e-05,0.0,899.9998054546572,900.0004140559302,899.9999562575059,900.0005083453965
2.2800000000000016,-0.0009451649240391925,0.016306860024561203,50.28877499011723,0.0011162176763273024,6.2831517791861415,0.0,-0.0005792779391433451,0.018636463279378467,28.08669769727823,0.00032921098155826525,3.102703995536742e-06,0.0,900.0008288108781,900.0025918672319,899.9995887357095,900.0005431851753
2.3400000000000016,-0.0009793165455464806,0.017445306197924587,51.974413841256414,0.0011372250322079225,6.283153334833104,0.0,-0.0005591990894592057,0.01931316218621791,28.100907074302977,0.0003919210290187396,7.154673159013377e-05,0.0,900.0008797353573,900.0036513373184,899.9983164809161,900.0008482720717
2.4000000000000017,-0.0010123073472922196,0.018624669068036056,53.660836940742584,0.001161936057137325,6.283158843513725,0.0,-0.0005409394317511355,0.020000733946041044,28.11289496135942,0.0004516869963198773,0.00013231760914282265,0.0,900.0001789978629,900.0026382666763,899.9980005385411,900.0004116572268
2.4600000000000017,-0.0010443156917409704,0.019845676195366625,55.34792177498211,0.0011897904487438993,6.283168357004737,0.0,-0.0005267853085673686,0.020701642588770983,28.12301181453421,0.0004893385346229786,0.0002109978348151077,0.0,899.9994072067029,900.0025903041903,899.9991030747977,900.0006172713041
2.520000000000002,-0.0010756622617191425,0.02110918763836795,57.035565144792436,0.001219602863877789,6.283182806226161,0.0,-0.0005193020618121161,0.021417764542281333,28.131552368295488,0.0005119422836602012,0.00030041020461537676,0.0,899.9995624127639,900.0031782781875,900.0003115249684,900.0012154808322
2.580000000000002,-0.0011068357704156948,0.022416154559815157,58.72367984137616,0.0012506261295435195,1.6195919857686647e-05,0.0,-0.000521434822718538,0.022150300647694826,28.13875626976666,0.0005272786906322295,0.0003340181228770476,0.0,900.0003152356087,900.0016691825779,900.0001073352527,900.0007164745404
2.640000000000002,-0.00113847678281851,0.023767587613342432,60.41219222161666,0.001282265466301169,3.579764660166518e-05,0.0,-0.0005350084244839152,0.022900061376383774,28.144836714751296,0.0005274094731384976,0.0003120432704873678,0.0,900.0020568636592,900.0011591664211,900.0005858852736,900.0005789076095
2.700000000000002,-0.0011712773702993624,0.025164532734414956,62.10104034259926,0.0013130083996752973,5.5361210898219326e-05,0.0,-0.0005600230314922179,0.023667352133130707,28.14997139855391,0.00048230507771036054,0.0003540822978368641,0.0,900.0013968041644,900.0030919031818,900.0024131078952,900.0005742932
2.760000000000002,-0.001205933870813916,0.026608021264374428,63.7901718164492,0.001340833669436492,7.68423496886328e-05,0.0,-0.0005970636813364636,0.024451281016763828,28.15430202678163,0.00042662044998381107,0.0003658926827509485,0.0,900.0017631161119,900.002233110589,900.002474874525,900.0002086433784
2.820000000000002,-0.0012431950163599417,0.028099001509593963,65.47954211985734,0.001365603088817835,9.801070095694087e-05,0.0,-0.000646858965777691,0.025250146614206895,28.157949564286998,0.00038521052902762155,0.0003266143473991563,0.0,900.0015397466605,899.9999405909969,900.0015379698224,899.9998510880881
2.880000000000002,-0.0012838101484496807,0.02963832180992126,67.16911368138915,0.0013880603360325594,0.00011614762269651635,0.0,-0.0007086249583736532,0.026062421801566878,28.16102502299155,0.0003524281829763771,0.00025356361191472543,0.0,900.0020319507037,899.9990660667376,900.0010463700108,899.9997098261705
2.940000000000002,-0.0013284371475815776,0.031226749772084405,68.8588549405969,0.0014076020106301712,0.00012992323161853392,0.0,-0.0007802036920282183,0.0268868689298533,28.163618286748033,0.0002721634583238757,0.00018160086410018525,0.0,900.0009210980197,899.9980009693992,900.0027460498791,899.9994874321658
3.000000000000002,-0.0013775879397236147,0.03286495811532421,70.54873928409422,0.0014224506095832368,0.00014012014253950156,0.0,-0.0008590720372060231,0.027721364463086172,28.165804737131797,0.00019804778432599117,0.00014662914117224773,0.0,899.9992919244647,899.9978714547747,900.0031565895847,900.0001488501208
3.0600000000000023,-0.0014316436680522925,0.034553469806726474,72.23874416004195,0.0014324681717763355,0.0001488901220660921,0.0,-0.0009435474963170311,0.028563252947474402,28.167644754911404,0.00010469794944800498,0.00014524049965120153,0.0,899.998358583061,899.9982989054378,900.0024085890534,899.9986236738698
3.1200000000000023,-0.0014909218229211118,0.03629264237380167,73.92885054013291,0.0014379059534848082,0.0001577474539704582,0.0,-0.0010331534241149712,0.029409625363219928,28.169195490926846,6.247289344875405e-05,0.0001523860877636532,0.0,899.9982365938484,899.99852254935,900.0009066445199,899.9991942491536
3.1800000000000024,-0.0015557333947197904,0.03808267583604958,75.61904250010774,0.0014418320310278787,0.0001669967266098027,0.0,-0.00112803092244606,0.030258447806051653,28.170503528645277,7.135857739873792e-05,0.00015769190278412958,0.0,899.9981596312824,899.9983709164896,900.0000108801629,900.0003692422812
3.2400000000000024,-0.0016264016360524975,0.039923701648246476,77.30930676360943,0.0014463746687551904,0.00017698348843975253,0.0,-0.0012284221682667567,0.031109427363084426,28.171610667756454,8.441499278430332e-05,0.00018395190779549902,0.0,899.9985651548012,899.9996248723419,900.0003749818803,900.0009020318016
3.3000000000000025,-0.0017032743225492177,0.041815862978231366,78.99963222188737,0.0014529345801808091,0.0001885492365483188,0.0,-0.0013349838288443452,0.031963093017092686,28.172547640312896,0.00015912867699727115,0.0002103811549643318,0.0,899.9991009580839,900.0001669149466,899.9996410672136,900.0026646637524
3.3600000000000025,-0.0017867500846123635,0.043759368899221475,80.69000944566129,0.0014638903528689795,0.0002023076014650016,0.0,-0.0014486899311480482,0.03282130575739217,28.173339831150738,0.0002294990337688194,0.00026713635195221874,0.0,899.9980881008559,900.0003815155148,900.0007802970629,900.0036262555408
3.4200000000000026,-0.0018773019914403713,0.04575457035952501,82.38043031794729,0.0014799064942723206,0.00021954169918547706,0.0,-0.0015711559799764302,0.03368668659802677,28.17400577091726,0.000341718387309445,0.00032740959652283923,0.0,899.9982575322064,900.0006920910624,899.9990028708909,900.0035418970997
3.4800000000000026,-0.001975517570045687,0.04780199593160219,84.07088800845885,0.0015033873416978594,0.00024002399220801607,0.0,-0.0017044454679420562,0.03456273179596616,28.17456967556168,0.0004904401572152262,0.0003692861725885195,0.0,899.9997171740631,900.0014053425942,899.997943121459,900.0039577392266
3.5400000000000027,-0.002082100860167512,0.04990242380068739,85.76137672080702,0.0015350031945473575,0.00026391712683704327,0.0,-0.0018503384297115372,0.035454176197702275,28.175042135423382,0.0005998264140543415,0.00045603268634437027,0.0,899.9988825197814,900.0023867627943,899.9976818477703,900.0021001159483
3.6000000000000028,-0.00219787643105415,0.05205691407690608,87.45189142764303,0.0015719309223154454,0.0002927212370771315,0.0,-0.0020112965283537393,0.036365331838930835,28.175438085474426,0.0006467211247020021,0.0005281059622978734,0.0,899.9996227584254,900.0025307921865,899.9977258550266,899.9996109633378
3.660000000000003,-0.00232383186466338,0.05426673259728103,89.142427946108,0.0016121889211904161,0.0003250953576605653,0.0,-0.00219001188655447,0.0372987206421454,28.175770782427623,0.000719422756219824,0.000562488587434824,0.0,899.9996543384143,900.0010344001638,899.9975764324968,900.0005055443572
3.720000000000003,-0.0024610881144744765,0.05653327770078941,90.83298274345759,0.0016576656601277051,0.0003584682209858414,0.0,-0.0023881241642965258,0.038256637108582944,28.1760487591028,0.0008348947261553623,0.0005436606657048357,0.0,900.0012628544629,900.0004873186307,899.9953782118243,900.0000377019657
3.780000000000003,-0.002610816692185196,0.05885812117811708,92.52355293591035,0.001709584741670156,0.0003902918653357901,0.0,-0.0026056392975761806,0.039242583480794964,28.176285002308404,0.0009261066163343639,0.0005038426521800577,0.0,900.0017259791222,900.0001008641347,899.9964751807706,900.0001496102414
3.840000000000003,-0.002774149836211343,0.061243053715944656,94.21413622611513,0.001766087159823293,0.00041863087321303283,0.0,-0.002841353414856193,0.04026004478309285,28.176486230699002,0.0009728952182851652,0.0004091784405778612,0.0,900.0026296771662,899.9987844351133,899.9982903866915,900.0001637838013
3.900000000000003,-0.0029521080077350528,0.06369003924869308,95.9047304518727,0.0018261956548517588,0.00044171601292219975,0.0,-0.003092662944407761,0.041311297087420054,28.176650449979277,0.0010595823823635654,0.00033584597872126515,0.0,900.0017408950176,899.9987616848279,899.9962172544145,899.9997053392177
3.960000000000003,-0.0031455380185382337,0.06620117736536169,97.59533354010924,0.001893153222814803,0.00046050172330502903,0.0,-0.0033567017125183695,0.042398990132122005,28.17678245532088,0.0012284965816136424,0.0002675459857671222,0.0,900.0004624744313,899.9976887547871,899.99368918555,900.0005052153018
4.020000000000002,-0.0033551281454300024,0.06877879076264481,99.28594384637228,0.0019702598426540874,0.0004744767440278963,0.0,-0.0036309446776351577,0.04352802358865869,28.176891623520262,0.0013981186961694405,0.0001635556493253366,0.0,900.0002496632794,899.9960322180581,899.9939906391712,900.0008315739498
4.080000000000001,-0.003581399494309797,0.07142553793599957,100.97656025631986,0.00205539618530004,0.00048279064717426934,0.0,-0.003912222887674884,0.04470424196825354,28.176986274080985,0.0014605547988542093,8.852731127634342e-05,0.0,899.9994209365864,899.9963787607023,899.9973360403724,899.9998325844675
4.14,-0.0038246792467533214,0.07414437119390031,102.66718187457231,0.0021433553886165413,0.00048642579911462036,0.0,-0.004197490784654479,0.04593117906557968,28.177065615680952,0.001476850319812329,4.633508467255182e-06,0.0,899.9995891488379,899.9961897183991,899.9982221950678,899.9988488430427
4.199999999999998,-0.00408512229017809,0.0769383757045429,104.3578078385186,0.002233425191076499,0.0004847863074592951,0.0,-0.004483882723950489,0.04721008489040897,28.177131466209005,0.0015497539659302816,-9.133073181297722e-05,0.0,899.9999494381149,899.9960631799469,899.9967200159922,899.9996387275644
4.259999999999997,-0.004362701088096849,0.07981071737189842,106.0484374998025,0.0023278859186302014,0.00047802642543626206,0.0,-0.004768207827673253,0.048542798928096716,28.17718906432821,0.0016234919770767775,-0.00015537505417700655,0.0,900.0002482122052,899.997656834205,899.9965460372147,899.9994969416385
4.319999999999996,-0.0046572065954031865,0.08276470192880768,107.73907042186974,0.0024262856815173706,0.0004667995229468147,0.0,-0.005047743875990432,0.04993187818993812,28.177240315207676,0.0016729896894293193,-0.00025068292702510036,0.0,900.0008599372079,899.9970040149252,899.9980541769659,900.000021825639
4.379999999999995,-0.004968267782119041,0.08580377638977378,109.42970632716573,0.002527622194008039,0.0004512960679239342,0.0,-0.005319627701704306,0.051379385655689225,28.177288576423997,0.0017208328753080234,-0.000273814310627393,0.0,899.9999018852304,899.9989710337395,899.9993584406268,900.0012580071881
4.439999999999993,-0.005295363013643418,0.08893149779128276,111.12034506163361,0.0026317269415905287,0.0004341089757717853,0.0,-0.005582078268049385,0.052887021094662603,28.177334671667072,0.001763561496942812,-0.0003117428128680701,0.0,900.0012797964501,899.9997502634031,900.0002826549144,900.0019740602825
4.499999999999992,-0.005637893461675858,0.0921515211060804,112.81098621106564,0.002738854985786965,0.0004142030021432319,0.0,-0.005833917402551379,0.054456359214292024,28.177369358452683,0.0018292510511615037,-0.0003718508153350279,0.0,900.0020938919029,899.9996670643101,899.9982368772596,900.0008571946514
4.559999999999991,-0.005995170887825979,0.09546760556928856,114.5016291805631,0.0028492045685242218,0.00039139593397319317,0.0,-0.0060733606581906165,0.05608937082930207,28.17739555026982,0.0018589731901094005,-0.00039666005797998606,0.0,900.0002499829358,899.9992539987078,899.9992547877882,900.0004171356194
4.6199999999999894,-0.006366405814284231,0.09888362244241447,116.19227349702419,0.0029624114217732256,0.000365536443240444,0.0,-0.006298969828061566,0.057787641368525815,28.177414436448178,0.0019423481968248429,-0.0004997560568487998,0.0,900.0014707588913,899.9973050564773,899.9976570191651,900.0009914760235
4.679999999999988,-0.006750700619781184,0.10240354757374232,117.88291886932886,0.003080447011932108,0.00033436476443338137,0.0,-0.0065081887832000584,0.05955340651442726,28.177430804152106,0.0020170453997083813,-0.0005591086719516363,0.0,900.0008590723738,899.9984671751165,899.9978795849681,900.0008608309736
4.739999999999987,-0.007146985772464747,0.10603151416970899,119.57356505568474,0.0032036919504063732,0.0002990888232394795,0.0,-0.006698314350918873,0.06138944466146774,28.17744170489486,0.002128066406683208,-0.000645653016931801,0.0,900.0000330841366,899.9965413901645,899.9977613934379,900.0022120246957
4.799999999999986,-0.007554038758842249,0.10977183626486407,121.26421185439237,0.003332152865801241,0.0002592535853329636,0.0,-0.006866691880714403,0.06329910545149939,28.177451246097025,0.002166904912540451,-0.0007004877906103271,0.0,900.0001637925297,899.9979581923379,899.9987591286957,900.0002842605309
4.859999999999984,-0.007970480052427923,0.1136290088920725,122.95485902397704,0.003462449268240242,0.00021609425685120698,0.0,-0.007010970306740438,0.06528464344315082,28.17745422674332,0.002181010280186037,-0.0007570245462684976,0.0,899.9995337084116,899.9972604340775,899.9984788179155,899.9990015200752
4.919999999999983,-0.008394804103421338,0.11760761322741986,124.64550645141982,0.0035934167646898274,0.00016829118975270063,0.0,-0.007129100945555445,0.06734689459578164,28.1774597697158,0.0021863546455873984,-0.0008762375395296235,0.0,899.9995083483003,899.9946982121899,900.0011568352353,900.0013244473246
4.979999999999982,-0.008825348955166417,0.12171226267206042,126.33615405918412,0.0037266014076289267,0.00011373530580272018,0.0,-0.007217725141099918,0.06948625762313401,28.177460355461253,0.002286450980728418,-0.0009754133681919843,0.0,899.9990107944128,899.9950147848961,899.9982298751748,900.0022344969352
5.0399999999999805,-0.009260229556587073,0.12594764010074536,128.02680159378536,0.003865469200103888,5.423098360335388e-05,0.0,-0.007273152011692643,0.07170500163654964,28.177457415146478,0.0023704385813632426,-0.0010244154291867375,0.0,899.9970591964094,899.9950972660446,899.9986176188554,900.0019677798971
5.099999999999979,-0.009697376508052434,0.13031860577703644,129.71744904901257,0.004008873740186658,6.283177619122712,0.0,-0.007293037928304646,0.07400628115516694,28.177457624346907,0.0024293277180550367,-0.0010471282611665832,0.0,899.9972579692384,899.9963617557784,899.9995276176968,900.0018596115169
5.159999999999978,-0.010134619242544815,0.13483018635931251,131.40809639961438,0.004156117425648809,6.283113512239691,0.0,-0.007276191328197396,0.07639248538202409,28.1774540163898,0.002503491506867585,-0.0011111296304495213,0.0,899.9981593314158,899.9955915973015,899.9981896516593,900.0011389865901
5.219999999999977,-0.010569708169771567,0.13948754844841596,133.09874355354714,0.004308308187899179,6.283045984112224,0.0,-0.007220929276114731,0.07886607237924025,28.177451045593426,0.0026024847394239175,-0.0011541678237691996,0.0,899.9975203245135,899.9958029519755,899.9982095511691,900.0021628454648
5.279999999999975,-0.011000282328228448,0.144296026047641,134.78939054660958,0.004465820009200705,6.282976228338388,0.0,-0.007125490806237173,0.0814301574020593,28.177448632574855,0.002670590674159473,-0.0011794614706192234,0.0,899.9976289419193,899.9966311186874,899.9986967016661,900.0013971088865
5.339999999999974,-0.011423894919463174,0.14926113766036475,136.4800374845813,0.004628078924213241,6.2829043342144,0.0,-0.006988719098568513,0.08408758906678832,28.17744912669085,0.0027716906698512437,-0.0012358166075706646,0.0,899.9993581791157,899.9971030480167,899.9980692798962,900.002104428419
5.399999999999973,-0.011838023599919931,0.15438857288541458,138.1706845528766,0.0047953708254366845,6.282830285518006,0.0,-0.006809120698505945,0.08684142538724997,28.177452885341815,0.0028211988754757696,-0.0012308012025815315,0.0,899.9990831292538,899.9993145269945,899.9995701192016,900.001513888005
5.4599999999999715,-0.01224007227639807,0.15968419413441634,139.86133174953207,0.0049656882516107,6.282756488177423,0.0,-0.006586077487745013,0.08969405026174357,28.17745347194202,0.0028734566742246075,-0.0012282643683100912,0.0,899.998318990736,899.9984499044209,899.9998444370793,900.0018985388681
5.51999999999997,-0.012627437885102316,0.165153983218812,141.5519789937671,0.005139611037122904,6.282682016740846,0.0,-0.00631966347176948,0.09264731230041393,28.17745444728727,0.002949186620236107,-0.0012670603638782114,0.0,899.9993675991352,899.9978246331802,899.9997000587166,900.0027036350888
5.579999999999969,-0.012997498783755043,0.17080404605497093,143.24262633675193,0.005317939063536947,6.282604974107041,0.0,-0.0060090418011059755,0.09570356326549251,28.17745671732153,0.0030179963033686356,-0.0013180388201317502,0.0,899.9994113250806,899.99737587605,900.0009286331558,900.003650414588
5.639999999999968,-0.013347555443600367,0.17664063760335305,144.93327385145838,0.005499625049424139,6.282525241827354,0.0,-0.005652606600180625,0.09886526065532568,28.177460127258673,0.0030483024060698072,-0.0013505490975344186,0.0,899.999478226633,899.9981917993778,900.002197446578,900.0033585620299
5.699999999999966,-0.013674814935780686,0.1826701361029009,146.62392153144023,0.005682840464747763,6.282442977806376,0.0,-0.005248942407354713,0.10213394078066353,28.177462240215856,0.0030641656198108777,-0.001412141927955881,0.0,899.9998626516048,899.9973992079672,900.0029231218499,900.0034987336503
5.759999999999965,-0.013976394544369285,0.18889898352089718,148.31456913760886,0.005866320184757079,6.282357898475723,0.0,-0.004796328484269059,0.10551027895697643,28.177457810806168,0.0030456498469121234,-0.0014296873622907454,0.0,899.998114227887,899.9974358972976,900.0029683452308,900.0021514009262
5.819999999999964,-0.014249316137980571,0.1953336381976724,150.00521637341336,0.006048278410935026,6.2822720878862945,0.0,-0.004293598665638608,0.10899407047004576,28.177449955312206,0.0030065945593774697,-0.0014311549421078104,0.0,899.9980107211376,899.9979838708858,900.0023843292204,900.000735976059
5.879999999999963,-0.01449056240318862,0.20198051783981974,151.6958631670534,0.006227621599887989,6.282185417396569,0.0,-0.0037404439241276416,0.11258423132771396,28.177443019896486,0.0029539413548169287,-0.0014712328240287468,0.0,900.0003018582023,899.9987114679475,900.0016698655431,899.999471631902
5.939999999999961,-0.014697086381980586,0.20884595612281698,153.38650955679867,0.006403093440563445,6.282097155066591,0.0,-0.0031360163809033845,0.11627905610212529,28.177436452379222,0.002865634459369656,-0.0014706507834553718,0.0,899.999918249852,899.9999753153022,900.0023978071472,899.9987567872381
5.99999999999996,-0.014865791259503264,0.21593615912373823,155.07715551193627,0.006573980276604274,6.282008812127122,0.0,-0.00247980594842658,0.12007596322468458,28.177428532195847,0.0028130439271209103,-0.001475846257557506,0.0,900.0003689075633,900.0001919926846,900.0013115598333,899.9991187391907
6.059999999999959,-0.01499356764754165,0.22325717854205465,156.76780096657444,0.0067417655763506446,6.281920059863912,0.0,-0.0017717027194880898,0.12397266829582161,28.17741975653505,0.0027631507681764767,-0.0014859227054358148,0.0,899.9997866751746,899.9994122130823,900.0020715518225,899.9999890461762
6.1199999999999575,-0.015077293384187984,0.23081494949152964,158.4584459102459,0.0069070461781821635,6.281829823167607,0.0,-0.0010113608340581782,0.12796744527272716,28.177411453623403,0.0027377202949185778,-0.0015400203019801742,0.0,900.0012838571816,899.9991269256129,900.0015628780428,900.0004720550465
6.179999999999956,-0.015113800100400018,0.23861531729107224,160.1490902093175,0.0070724083863495935,6.281735944935594,0.0,-0.00019743701492160672,0.1320591704743284,28.17739835919294,0.002792650874872243,-0.0016139253794908964,0.0,900.0012635545821,899.9983056776052,899.9993244730784,900.0014885288558
6.239999999999955,-0.015099806303550541,0.24666411579327258,161.8397336938104,0.0072405349880435566,6.281639269298633,0.0,0.0006723028221130952,0.13624873306675506,28.177384296737443,0.002821024821293908,-0.0016059306648024785,0.0,899.9998324391997,900.0001928143365,899.9996643263163,900.0007517975
6.299999999999954,-0.015031929139894271,0.2549672578672325,163.53037618717354,0.007409452023978247,6.2815431475311385,0.0,0.0015986300991670424,0.14053740035601534,28.177365407032923,0.0028037977423548545,-0.0015942267850662468,0.0,899.9990235059461,899.9995339144044,900.0001102239323,899.9993504209433
6.359999999999952,-0.014906783462701809,0.263530697304966,165.2210175913115,0.007577402653875964,6.281447616779815,0.0,0.0025811968877277785,0.1449252275521512,28.177347913632577,0.0027899328465409274,-0.0015880835745392527,0.0,899.9992789953242,899.9995639616004,900.000547758369,899.9999244666561
6.419999999999951,-0.014721003268141823,0.2723603678430786,166.9116579818816,0.007744443628964426,6.281350858092836,0.0,0.0036198176659619098,0.1494116972909643,28.177331552159377,0.002772178433172811,-0.0016618213354998074,0.0,900.0013201508613,899.9983700996052,900.0009188872193,900.0001383678798
6.47999999999995,-0.014471189150353116,0.2814621703523415,168.60229718060714,0.007910877240902892,6.281248842667225,0.0,0.004716080494029108,0.153996224552147,28.177308321066693,0.002777324090258422,-0.0017772534028140856,0.0,900.0011612924651,899.9965243752766,899.9997023615402,899.9998495842225
6.5399999999999485,-0.014153782718046114,0.29084198443991444,170.2929349597237,0.00807866942120583,6.281140317533385,0.0,0.005873476741986735,0.1586788245691075,28.177284218845422,0.0028349396620052903,-0.001871835644562371,0.0,900.0019126859021,899.9981226171718,899.9973880386804,899.9996600185558
6.599999999999947,-0.01376500594766188,0.30050572791124736,171.9835711780977,0.008250403125519057,6.281026390936701,0.0,0.0070955714169688615,0.16346086022033904,28.177256356192373,0.002916759289534608,-0.001952722611011141,0.0,900.0014757148955,899.9982422934214,899.996064367039,899.9993153557688
6.659999999999946,-0.013300885311921968,0.31045944033177364,173.67420565218887,0.008425785908040773,6.280908631916812,0.0,0.00838531491533667,0.16834482894852607,28.177226098670417,0.0029356196931773024,-0.0019825166737642073,0.0,899.9993216789511,899.9981590721407,899.9977919049754,899.998491570987
6.719999999999945,-0.012757303061268007,0.32070929086496935,175.36483831638233,0.00860156674403445,6.2807878895067955,0.0,0.009744498199721664,0.17333219922899526,28.177195977128658,0.002917797772943919,-0.0020721646427759965,0.0,900.0009207156071,899.9973348754397,899.9982690334,899.9974827961445
6.779999999999943,-0.012130030408777236,0.3312614851707252,177.05546918194733,0.008777266987764598,6.280662973237618,0.0,0.011175408280926698,0.1784229074607636,28.17716609258993,0.0029494118484101584,-0.002101494770770135,0.0,899.9997506391848,899.9986093734805,899.9974694586646,899.9986855870986
6.839999999999942,-0.011414701564042696,0.3421222331388266,178.74609835576985,0.008955856005930407,6.28053666565161,0.0,0.012679840725758115,0.18361752995096414,28.17713945502156,0.003030581364253988,-0.002112392020718541,0.0,899.9999061395505,899.9995119657588,899.9972803675481,900.0005026890642
6.899999999999941,-0.010606885360602704,0.3532978265645919,180.43672584015619,0.009136998397199392,6.280410842526958,0.0,0.01425832776369882,0.1889180798500712,28.177109801774495,0.002995942980326895,-0.002066384456383905,0.0,899.9989008738785,900.0008113762161,899.9990476377208,899.9975784553097
6.95999999999994,-0.00970215764799784,0.3647946467455589,182.1273515712016,0.00931659162725662,6.280288811303009,0.0,0.01590994118625015,0.19432493384498573,28.17708092630407,0.0029877740754414733,-0.00196886011494618,0.0,899.9971910324839,900.0011868033135,899.999949022563,899.9995524750034
7.019999999999938,-0.008696206970457379,0.37661904896856746,183.81797545202525,0.00949583407084198,6.2801727479754526,0.0,0.017631916340161785,0.19983744790487137,28.177048156891985,0.0029865738825628242,-0.0018655229657230773,0.0,899.9966241463136,900.0008532289402,899.9996808215486,899.9995666505187
7.079999999999937,-0.00758491728085656,0.3887773695436165,185.50859725542318,0.009676516781991218,6.280063314857458,0.0,0.01942068796813528,0.20545560763518514,28.177011700693843,0.003060949977429613,-0.0017407249764750047,0.0,899.9959158366865,900.001011783699,899.9978589257295,900.0008053785322
7.139999999999936,-0.006364399493597905,0.4012759872992298,187.19921687300868,0.009860948074134512,6.279960303540019,0.0,0.02127225285745917,0.21118104421587658,28.176975225418328,0.0030996564638460537,-0.0016691500881647545,0.0,899.9976374244043,900.0005753236946,899.9985245572727,900.0000249963808
7.1999999999999345,-0.005030989126045642,0.4141213977537559,188.8898342096458,0.010047879676030824,6.279862089743487,0.0,0.023183382367339696,0.21701557548939737,28.17693567433683,0.003147253559611368,-0.0015724560060022352,0.0,899.9970790674565,900.0010326459786,899.9981285129514,899.9999882119915
7.259999999999933,-0.0035812012031648816,0.42732019205698013,190.58044903051254,0.010237738760889847,6.279770422702061,0.0,0.025150972614253118,0.22296075892862016,28.176891408355484,0.0031984309509084947,-0.0014385733395556094,0.0,899.9951167176913,900.0005741912802,899.9984597074935,900.0004634367774
7.319999999999932,-0.002011768440254004,0.44087906344839767,192.2710612296859,0.010430458594075098,6.279686699003262,0.0,0.027170854611626636,0.22901840323729059,28.176848176478856,0.003239120443655376,-0.001309162165632786,0.0,899.9958925320285,900.001165979892,899.9989761811679,900.0005541535164
7.379999999999931,-0.0003196914319436904,0.4548048068130645,193.96167071799928,0.010625676112778315,6.27961028753036,0.0,0.02923846426495397,0.23519004106643915,28.176801060213464,0.0032826240589701175,-0.0012023314192767664,0.0,899.9965608598596,900.0009170219079,899.9983152556622,900.0000063761227
7.439999999999929,0.0014977705121271478,0.46910430626148364,195.65227724504385,0.010823355899951537,6.279539267099711,0.0,0.03134984411686819,0.24147716163677574,28.17674949588886,0.003318734335327039,-0.00114637794431371,0.0,899.9979256448488,900.0002190947902,899.9975253997941,899.9989162434783
7.499999999999928,0.00344316009632802,0.4837845381203847,197.3428809461843,0.011024267913213315,6.279471807022091,0.0,0.033502420302525905,0.2478813546764972,28.17670656365711,0.00340807524856429,-0.0010802763009392063,0.0,899.9998880863924,900.0025912432217,899.9978782103444,900.001424007917
7.559999999999927,0.0055188832285364775,0.49885258905003155,199.03348189302534,0.01123098842297754,6.279408866023523,0.0,0.03569393042426712,0.25440495031196714,28.176657749794995,0.0035197831553556544,-0.0009865589871943486,0.0,899.9989745789107,900.0027945826578,899.9972567276029,900.0017065447885
7.6199999999999255,0.007727192901971825,0.5143157291988382,200.72407983511366,0.011442148025655463,6.2793508704531575,0.0,0.03792151600368063,0.26105147957857333,28.17660638060216,0.0035184136591394056,-0.0009266830238269154,0.0,899.9990873129613,900.0015347721327,900.0005562612217,900.0004245730779
7.679999999999924,0.010070173310675438,0.5301813925877229,202.4146746994372,0.011652131032593438,6.279297132760551,0.0,0.040182616159736284,0.2678223389408578,28.176555063409968,0.0034622906927251197,-0.0008335792787171523,0.0,899.9991225505513,900.0029142492529,900.002296406036,899.9999473980672
7.739999999999923,0.012549753968511022,0.5464570056684066,204.1052662313468,0.011858188008365467,6.279248949052164,0.0,0.04247437727032271,0.2747161574718548,28.176495412373903,0.0033781993210405155,-0.0007420852310506351,0.0,899.9979001198062,900.0016245292607,900.0029200209608,899.9994394911051
7.799999999999922,0.015167677801540335,0.5631498736923854,205.79585409386436,0.012057967195364228,6.279207110380561,0.0,0.044793544104529,0.28173034917724077,28.1764327277015,0.0032323675177231277,-0.0006078963832484272,0.0,899.9974641174716,900.0029154104986,900.0040451261805,899.9980659749821
7.85999999999992,0.01792547140250316,0.5802671000325849,207.4864382270512,0.012249503501405634,6.27917254108398,0.0,0.04713604032375672,0.28886069959424676,28.17637097665588,0.0031119461402132715,-0.0005127355502657623,0.0,899.9996010987853,900.0034688413524,900.0038293851283,899.998882198248
7.919999999999919,0.020824413175080863,0.5978155139621297,209.17701859254922,0.012434446034320423,6.279144905806067,0.0,0.04949793600835496,0.29610267118868805,28.176307095174973,0.0030231588210936555,-0.00035647649769404255,0.0,899.9995068336681,900.0058466014655,900.0029394615382,899.9992757790907
7.979999999999918,0.02386553428946306,0.615801699353649,210.8675947020571,0.012615215922815004,6.279124750975473,0.0,0.051874623347148784,0.30345267362276784,28.17622936280777,0.002992165326034285,-0.00029481237336445934,0.0,900.000924764189,900.0034302289853,899.9994287940547,899.9981073694973
8.039999999999917,0.02704960967011667,0.6342320791298037,212.55816605356563,0.012793541489290128,6.279108142866905,0.0,0.054262763737498526,0.31090896417576525,28.176148485625294,0.0029319106917585712,-0.00024079810103130734,0.0,900.0009610379782,900.0031552842863,900.0002711202258,899.9977653425534
8.099999999999916,0.030377265342880096,0.6531129832585683,214.248732491558,0.012969008302014196,6.2790952753971006,0.0,0.056660329627393126,0.3184698706268607,28.176065542593427,0.0029095125659306183,-0.0001618191598761722,0.0,900.0002178529104,900.0034218033352,900.0002436791514,899.9992721974671
8.159999999999915,0.03384899572422917,0.6724506442825827,215.9392938740617,0.013141919883175923,6.2790882015413505,0.0,0.0590647965873739,0.3261340238117209,28.175979946480343,0.002826487172123607,-3.018194643037781e-05,0.0,899.997963762486,900.003298305485,900.003044488251,899.9996182617872
8.219999999999914,0.037465103770184964,0.6922511988290188,217.629849885817,0.013309857922108925,6.27908753481541,0.0,0.061472297867300005,0.33389922282288514,28.17588662223931,0.0027438614040286354,2.7007728868215112e-05,0.0,899.9983393286991,900.0006559773078,900.0029471358412,899.9995387934415
8.279999999999912,0.04122567351160247,0.7125206247729582,219.32040029451767,0.013472398841253508,6.279089930025522,0.0,0.06387990267555343,0.3417626180690909,28.175793099259597,0.0026392200585102906,6.573754527346439e-05,0.0,899.9994611339474,900.0010288893162,900.0036583953838,899.9993601978225
8.339999999999911,0.045130660305444124,0.7332647141285252,221.01094500731725,0.013629669439356284,6.279094186856426,0.0,0.06628601580414895,0.34972083214697836,28.175696749782023,0.0025850591854888623,8.136643285450344e-05,0.0,900.0003215172666,900.0009528733848,900.0025559503109,900.0003042033571
8.39999999999991,0.049179945583368044,0.7544890709584559,222.701483819681,0.013782945312873274,6.279099309470684,0.0,0.06868977148772788,0.35777121578445753,28.17559643968341,0.0024935951560805495,9.339819006266509e-05,0.0,900.0004019305326,900.0008872513605,900.0032626519987,899.9995013793205
8.459999999999908,0.053373373162793294,0.7761991476593888,224.39201654203055,0.013929907026515309,6.2791049399233465,0.0,0.07109070315927778,0.36591097707782133,28.175493734190848,0.0023607330260647886,9.472640927029871e-05,0.0,900.0004554385343,900.0005070296555,900.0046864966687,899.999250655024
8.519999999999907,0.057710765872850546,0.7984001858941098,226.0825429068471,0.01406951106945975,6.27911021178665,0.0,0.0734886189350047,0.37413592947963553,28.17538461239883,0.0022586374464792515,7.413416179396274e-05,0.0,900.0009572336178,900.0001211086155,900.0031429258167,899.9989558036208
8.579999999999906,0.06219195406919452,0.8210971750498967,227.7730627703812,0.014202509265992092,6.279113354291891,0.0,0.07588402885726042,0.38244211264982136,28.175276920757092,0.002132487673460759,8.812957581372977e-06,0.0,900.0031621045209,900.0005151364115,900.0038394500062,899.9986803735497
8.639999999999905,0.06681683202310433,0.8442948648317475,229.4635760782758,0.014327997098823708,6.279112321824503,0.0,0.0782786262183407,0.3908252864699972,28.175166106797853,0.0020092753880274353,-6.931023511743205e-05,0.0,900.0036426134488,900.000478758779,900.0037878355679,899.9987503950368
8.699999999999903,0.07158542508999002,0.8679977369429294,231.1540823668925,0.014445738059356117,6.279106560806717,0.0,0.08067493998522476,0.3992808586262603,28.175043190099714,0.0018683150909117457,-0.0001494943175953089,0.0,900.0026301512578,899.9993846717718,900.0024680706042,899.9967145221278
8.759999999999902,0.07649792010317587,0.8922099973620741,232.84458116953326,0.01455538523467581,6.279096392609102,0.0,0.08307575609869093,0.40780416557281673,28.174916610835897,0.0017455885372170004,-0.00020945890133636572,0.0,900.0020787430843,899.9996539441594,900.0017577103,899.9967455930407
8.8199999999999,0.08155466112962269,0.9169355701020222,234.53507235829366,0.014658188561378793,6.279082417040756,0.0,0.08548346006240967,0.41639063741458604,28.17478935720594,0.0016488998405607717,-0.0002799109868189556,0.0,900.0035172166782,900.0006691223549,900.0004197016102,899.9964646760181
8.8799999999999,0.08675613035938998,0.9421781266252355,236.2255559492101,0.0147541736720056,6.279063979416808,0.0,0.08790040503314299,0.4250363934860384,28.174663268541313,0.0015012565136185692,-0.00036212602901442383,0.0,900.0038120863464,900.0004892823681,900.0024824670961,899.9964660758695
8.939999999999898,0.0921029622516817,0.9679410903953687,237.91603191025428,0.014842110372911499,6.279040489811976,0.0,0.0903293145743818,0.4337367929355568,28.17453503774952,0.001394213628258948,-0.00045030417193097695,0.0,900.0043617678363,900.0007993915306,900.0013962072208,899.9970272151577
8.999999999999897,0.09759596406574296,0.9942276034457688,239.6065001814097,0.014924200201764215,6.27901266347769,0.0,0.09277315280186679,0.44248748329020454,28.174406892524544,0.001316003738715943,-0.0004907271012610358,0.0,900.0036354930135,900.0020090372692,900.0014432056622,899.9982442019203
9.059999999999896,0.10323609878767981,1.0210405771156628,241.296960519171,0.015000252725854146,6.278981000011822,0.0,0.09523401658187473,0.4512849961864172,28.174270749811605,0.0011704243936106404,-0.000601835982020889,0.0,900.0039305997981,899.999442587525,900.0022747904834,899.9963493088726
9.119999999999894,0.1090244703243545,1.048382702304088,242.98741271644917,0.015068196362925335,6.278941160526712,0.0,0.09771502389851881,0.460125110659016,28.174135488804204,0.00105621036357931,-0.0007886164237275337,0.0,900.0048892769969,899.9973394215351,900.0031042186783,899.9984521605564
9.179999999999893,0.11496244403945655,1.0762563932830083,244.67785681577845,0.015129578845984426,6.278891400712755,0.0,0.10022167376976374,0.4690032475465192,28.174000773342264,0.0009566084848150145,-0.0009108976605895888,0.0,900.0041779552284,899.9992443089882,900.0031032992741,899.9990455348578
9.239999999999892,0.12105172094918282,1.1046638122090007,246.3682927800118,0.01518461533450921,6.278834366644617,0.0,0.10275909879531742,0.477915480865336,28.17386433286022,0.0008384765367632838,-0.0010300411071204464,0.0,900.003768917286,899.998965100511,900.0040640917445,899.9992581790608
9.29999999999989,0.1272942739492192,1.1336068830271644,248.05872039832957,0.015233087651252752,6.278771152839802,0.0,0.10533145673777543,0.486857690422461,28.17372268335476,0.0007465809522606143,-0.0011006582693894773,0.0,900.0027128002787,899.9998767824783,900.0026762619948,899.9989354850568
9.35999999999989,0.1336922989106853,1.163087288795108,249.7491394398369,0.015275721432942646,6.278704324013901,0.0,0.107941839169503,0.49582612394160824,28.173578480184744,0.0006384161575253135,-0.0011401425907245917,0.0,900.0019945195954,900.0004208396189,900.0028126721187,899.9984151471467
9.419999999999888,0.14024813521896012,1.1931064925623385,251.43954979413522,0.015313073290752932,6.278635520285729,0.0,0.11059202397754658,0.5048170811653138,28.17343312019249,0.0005907356429921488,-0.0011599069026561664,0.0,900.0012887723537,900.0005145568834,900.0019799851713,900.0000342978561
9.479999999999887,0.14696420288013665,1.2236657616561981,253.12995162770167,0.01534808539088317,6.278566152100854,0.0,0.1132829596605331,0.5138280437329394,28.17329426615808,0.0005691271110827219,-0.0011485951201779313,0.0,900.0013958673354,900.0018805526225,900.0032862773292,900.0023974919529
9.539999999999885,0.15384295057054947,1.2547662491998306,254.82034502624944,0.015381288416881134,6.278496346526378,0.0,0.11601468136303185,0.5228575337029345,28.173152010947014,0.0005218725162947498,-0.0011931104435703636,0.0,900.0024523779115,900.0006760332844,900.0036080142823,900.0016811670039
9.599999999999884,0.16088684284607993,1.286409022698874,256.5107297169035,0.015410703233505352,6.278424151169327,0.0,0.11878799985223906,0.5319039249725526,28.173004125082198,0.0004269086482843375,-0.001223558409345387,0.0,900.0010031480801,899.9997974663753,900.0046143717485,900.0007565876525
9.659999999999883,0.16809841559881405,1.3185950157411555,258.2011054561321,0.015434634414562609,6.278349946906378,0.0,0.1216041977297306,0.540964331082227,28.17285368636821,0.00034267193487858005,-0.001263114190167086,0.0,900.0011897022271,899.9996158664661,900.0040136737978,900.0005924842573
9.719999999999882,0.175480278124761,1.3513249655650208,259.8914719962254,0.015452950904322194,6.27827347040628,0.0,0.1244645283806853,0.5500353193688887,28.17269762410899,0.00023036118944165081,-0.0012976107393763406,0.0,900.0008717564306,899.9995036779761,900.0032989385269,899.9987428170899
9.77999999999988,0.1830351191176146,1.3845993994994326,261.58182926050847,0.015464629702224286,6.278194391587469,0.0,0.12737034963790186,0.5591131785643162,28.17254442608019,0.00012310791523181632,-0.0013587580454373772,0.0,900.0022048642298,899.9997582987965,900.0033823990547,899.9990337006047
9.839999999999879,0.19076571871521145,1.4184186051297358,263.27217737118565,0.015470330944193478,6.278111345137148,0.0,0.13032348079062417,0.5681937945524638,28.172392480842962,3.8776148738732833e-05,-0.001434863904703636,0.0,900.0032439441259,900.0001929686662,900.0027671964947,899.9993492303473
9.899999999999878,0.19867498696635844,1.4527826336066638,264.9625161196713,0.015470238548406456,6.278023403935457,0.0,0.1333263842192035,0.5772734299885299,28.17223256318798,-8.230990685075789e-05,-0.0015274148135821376,0.0,900.0028376549398,899.9991223910367,900.001876112882,899.9969717305996
9.959999999999877,0.20676600082271607,1.4876913144791777,266.65284538939943,0.015463356951354257,6.277930713604551,0.0,0.13638211587006116,0.5863482161048384,28.172076448132632,-0.00017955134205528445,-0.0015797159939932187,0.0,900.0024120806423,900.0003288090879,900.0020273263436,899.9980913979759
10.019999999999875,0.21504200591335912,1.5231442299703617,268.3431652679636,0.015450364271601735,6.277834465626231,0.0,0.13949305048132626,0.5954140194353199,28.171919565591324,-0.00029064837650343456,-0.00165302048480296,0.0,900.002250512185,899.9993178272374,900.0025799804957,899.9980852342113
